6 3 1 5 4 2 7 8 9 
2 4 5 7 8 9 1 3 6 
7 8 9 1 3 6 2 4 5 
1 2 3 4 5 7 6 9 8 
4 5 6 2 9 8 3 1 7 
8 9 7 3 6 1 4 5 2 
3 1 2 8 7 5 9 6 4 
5 6 4 9 2 3 8 7 1 
9 7 8 6 1 4 5 2 3 

6 7 4 2 3 1 5 8 9 
1 2 3 5 8 9 4 6 7 
5 8 9 4 6 7 1 2 3 
2 1 5 3 4 6 7 9 8 
3 4 6 7 9 8 2 1 5 
7 9 8 1 2 5 3 4 6 
4 6 1 8 5 3 9 7 2 
8 3 2 9 7 4 6 5 1 
9 5 7 6 1 2 8 3 4 

6 7 5 1 4 2 3 8 9 
1 2 3 5 8 9 4 6 7 
4 8 9 3 6 7 1 2 5 
2 1 4 6 3 5 7 9 8 
3 5 6 7 9 8 2 1 4 
7 9 8 2 1 4 5 3 6 
5 3 1 8 7 6 9 4 2 
8 4 2 9 5 1 6 7 3 
9 6 7 4 2 3 8 5 1 

请按任意键继续. . . 